 &GUD_TRAITS
 tempMort(10)= 0,
 tempMort(11)= 0,
 tempMort2(10)= 0,
 tempMort2(11)= 0,
 ksatPO4(9)= 0.02916666666666666666666666,  ! 0.035/1.2
 ksatNO3(9)= 0.4666666666666666666666666,
 ksatNO2(9)= 0.4666666666666666666666666,
 ksatNH4(9)= 0.2333333333333333333333333,
 ksatFeT(9)= 0.02916666666666666666666666E-3,
 /
